0.0010759912119031668
5.911808476502661e-05
3.6781608238928725e-05
2.5162485337812878e-05
3.929151903841985e-05
1.7302075988649392e-05
2.3196369270939398e-05
1.3434003618979743e-05
2.6985189053041956e-05
1.139877862478875e-05
2.238829557959391e-05
9.18325255479722e-06
1.540490211863932e-05
1.169984770553983e-05
9.805138984114929e-06
1.9999940688507063e-05
3.0045667230940303e-05
1.257433737839274e-05
1.0014648476550579e-05
8.628603298180926e-06
1.0560663332879356e-05
1.2990866565905656e-05
7.3070783352724166e-06
6.6147225407635456e-06
1.0414913312198284e-05
6.284710708311755e-06
5.208840341444833e-06
5.653438670840394e-06
8.349970826394492e-06
5.637751360120106e-06
5.464439713433057e-06
6.580226722551677e-06
4.551183058520946e-05
6.186017114927989e-06
7.033670807893156e-06
5.750716893089546e-06
2.719167933256998e-05
8.27618909063808e-06
5.381615985432469e-06
5.304307990508123e-06
1.4500623192602318e-05
5.783711099191604e-06
7.4374137824627235e-06
7.096319652174269e-06
8.212791270665447e-06
7.1497995088718155e-06
1.4332956577425504e-05
5.956531021813039e-06
2.169000631222047e-05
1.192811412744941e-05
9.397940424000839e-06
1.4725820881941998e-05
9.679162892642354e-06
7.962168158263462e-06
7.056510447858509e-06
6.614189863751168e-06
1.0703728024440347e-05
9.06456491569521e-06
7.813711480427678e-06
9.878814347492887e-06
8.373749386348034e-06
7.854004376160322e-06
6.94800929889788e-06
7.534766612211923e-06
2.2601843897168138e-05
1.9687877558055838e-05
1.121465283399707e-05
1.3697092601395213e-05
2.298349261410704e-05
2.4725754920597857e-05
1.0303671802949207e-05
9.064063478325764e-06
3.365579979457909e-05
1.4908001961590287e-05
5.12022164496252e-06
5.542718428692241e-06
1.5025029072426852e-05
1.5813730896984512e-05
9.952069130949172e-06
7.699621342897613e-06
2.3142397762028982e-05
8.817499184711642e-06
1.1089993395696635e-05
1.586071730863059e-05
1.2679445169962559e-05
1.2774807316155774e-05
1.1777571721796827e-05
9.530468916664148e-06
9.172959358504557e-06
7.229033366181036e-06
5.119691216444586e-06
6.212595702900615e-06
7.419917553350819e-06
7.606225447683176e-06
7.184000602353753e-06
1.639024815345899e-05
7.394932449023988e-06
3.10083993973914e-05
1.0096968355603973e-05
1.8547903948790485e-05
2.0192072677390808e-05
5.1840995619763715e-05
1.3951673458908228e-05
1.2114676479523619e-05
1.575257109072774e-05
3.1920924055899465e-05
1.0286118901787733e-05
6.969817284760589e-06
2.422958962460986e-05
1.5262617866320103e-05
2.9183283317379456e-05
3.6133112444391466e-05
1.9004036161997485e-05
4.749817748098012e-06
3.4976569147249144e-05
2.748472035352483e-05
4.983136863966669e-05
2.4369169875571543e-05
8.609456520966314e-06
8.05981094447321e-06
9.012494916390506e-06
1.0027878884021168e-05
5.233990853348868e-06
7.433786185497785e-06
6.355870475106366e-06
7.763935603370348e-06
5.33451258224887e-06
4.852592683979616e-06
1.6117604586748315e-05
7.5331352756569885e-06
5.0641673167810865e-06
2.2027441943960327e-05
9.386648866769337e-06
1.619168448280341e-05
5.525588082354436e-06
3.90792832005656e-06
7.708407627353034e-06
2.641814616962025e-05
5.15635672118416e-06
5.809751115745117e-05
5.74735428793062e-06
2.3035744750261304e-05
3.940569296117922e-06
3.89863490435056e-06
1.2117894089862948e-05
4.048071652323432e-06
3.989761883857178e-06
4.1089108441909345e-06
5.079702562603009e-06
4.7819805869334555e-06
3.727632029839452e-06
3.4107144201513983e-06
4.963013747858174e-06
4.278534579151605e-06
3.538473069435386e-06
3.416097213325934e-06
4.645127329869805e-06
3.565101022894831e-06
3.425550772519532e-06
3.534268116274078e-06
7.14732818115549e-06
5.5596009976924564e-06
4.182700045561067e-06
4.341554813112742e-06
4.915385206978695e-06
4.160465523955185e-06
3.528818920726935e-06
3.4802876942505117e-06
5.17668180572126e-06
3.695007509612237e-06
3.7519799027348773e-06
3.695800740093176e-06
4.672022664367889e-06
3.54153518342165e-06
3.636527487127619e-06
3.7088132073116845e-06
6.312934632856471e-06
3.7261808988656227e-06
3.673403346674619e-06
3.5462088088174616e-06
4.867696936740347e-06
3.890744649735975e-06
5.153624694873962e-06
4.447826797713821e-06
8.139137658893298e-06
5.0472722386134825e-06
4.807104908209429e-06
4.038817204664757e-06
4.830626694851308e-06
4.306847384915362e-06
4.145125941477669e-06
4.351604005944274e-06
1.8034397705249356e-05
7.974617549536968e-06
6.779669148453214e-06
1.1449448994062604e-05
1.0144760854282477e-05
4.1599672250676305e-06
7.81530148525297e-06
1.118374606048205e-05
7.737757645352291e-06
6.23775992192512e-06
4.0422457414897195e-06
4.4245962845648994e-06
4.126042698178652e-05
4.111673226375025e-06
4.993456939325318e-06
4.507483437709455e-06
8.338983268632372e-06
4.806432971859552e-06
5.461709750209406e-06
4.666135431269972e-06
4.999150204518796e-06
3.639804678248764e-06
4.538119532345343e-06
4.544082168874566e-06
7.33052653731565e-06
4.984142524026416e-06
3.7627027912849864e-06
5.125521288751096e-06
5.324615628670379e-06
4.35526640398317e-06
4.004720730912952e-06
3.943551483373572e-06
8.26324289926718e-06
4.523081876387831e-06
4.43499052082208e-06
4.138223464962873e-06
6.1613901281818925e-06
4.833844699218552e-06
4.023950107004391e-06
3.9193530873121646e-06
2.597656405303232e-05
8.838884202473759e-06
4.035834744829314e-06
8.797389157979808e-06
1.0368613186506175e-05
4.059680716459948e-06
3.9343488503159184e-06
4.187671022553454e-06
9.84767356010977e-06
4.813261247653253e-06
4.820983755465441e-06
5.329090513760967e-06
6.5251088835503695e-06
4.0730744728728e-06
6.3619554760100036e-06
6.103517975033221e-06
9.923251854351039e-06
5.6502422045284545e-06
5.233641300381008e-06
5.548780236751814e-06
1.1065975999700746e-05
7.193179389856525e-06
1.2227911498880663e-05
0.00012969118947603076
