0.0008097662766955026
3.736265491577142e-05
2.38008216993572e-05
2.366550895749444e-05
2.6479729323995655e-05
1.4327966591315648e-05
1.5083967134907066e-05
1.2978177616021846e-05
2.4499867968003664e-05
1.2278917349759635e-05
1.3854564108189044e-05
1.0629624669726384e-05
1.672406352856342e-05
1.1462516653495068e-05
1.0367232861002806e-05
1.7899861076747837e-05
2.118382675279422e-05
1.1421782833819488e-05
9.349305277185178e-06
9.068286822017226e-06
1.3669084733618809e-05
1.215855687811317e-05
9.306031256221856e-06
8.043934183720066e-06
1.0625437279741943e-05
7.894100966340553e-06
7.834587468053318e-06
8.43755442659588e-06
1.0663632451363317e-05
7.724174940306849e-06
8.415299843532685e-06
8.850427777130967e-06
2.3106916220919665e-05
9.44773877229439e-06
9.450919760450901e-06
9.211177747162345e-06
2.1535680399022524e-05
9.31177935254116e-06
8.247670373821722e-06
8.597126223973174e-06
1.1336288613141362e-05
8.098462701093844e-06
7.4623758018397846e-06
9.474090447501942e-06
8.981396220546098e-06
8.374292007686658e-06
2.00977978894428e-05
8.68219690742643e-06
3.3167977732888734e-05
1.4094657771410235e-05
1.7618522232466127e-05
1.602055068019654e-05
1.7835267000943684e-05
1.1363410991652884e-05
1.6652211441307608e-05
1.0639022110662865e-05
1.808436215579081e-05
1.1820372429599449e-05
1.0065283352982861e-05
9.976238844390037e-06
9.693060426987516e-06
8.373462940827828e-06
7.554014924863675e-06
8.521326199511782e-06
2.6285086931546265e-05
1.8444985227358964e-05
1.354010142064884e-05
1.5257606281218324e-05
1.8229861402977137e-05
2.950697013905608e-05
1.3178327988266683e-05
1.1177282175809455e-05
1.4021058425183443e-05
1.2200100960989894e-05
9.197800085089591e-06
9.22759255211607e-06
1.2349568163736851e-05
1.5855431623767523e-05
1.1348539346752981e-05
9.50299101717436e-06
2.516229975976392e-05
1.1732515822103539e-05
1.2961462127542124e-05
1.4947807884736439e-05
1.2347074251304795e-05
1.4779523978668258e-05
1.3954419902947937e-05
1.2423827721773657e-05
1.2271645370231804e-05
1.0938765781208335e-05
9.069000052589017e-06
8.138363072586326e-06
1.1016574906341938e-05
1.047722613924666e-05
8.8147978754421e-06
1.2604654217936442e-05
1.0245190826533424e-05
1.787756731580017e-05
1.2481214442690347e-05
1.428672791197923e-05
1.8392427335025994e-05
2.7988398855096293e-05
1.504764542047722e-05
1.0377318827374304e-05
1.8396325479548588e-05
1.655069058426782e-05
1.7832386350763842e-05
9.200481196219305e-06
1.9085579685930135e-05
1.200906367448889e-05
1.671874524670656e-05
1.7238042797308852e-05
1.6661835611372558e-05
9.326411469028715e-06
1.975729130329153e-05
1.649706697361855e-05
3.157261164589282e-05
2.0809145103322956e-05
1.1729507969388008e-05
1.039129128033337e-05
1.4958108755358553e-05
9.59545195476882e-06
7.916978453287908e-06
6.7195888394522045e-06
8.220126592885862e-06
9.604064472134569e-06
7.458371085438268e-06
8.146196303450174e-06
1.574059787852417e-05
9.695455188954495e-06
8.428008815562891e-06
2.0918413421274728e-05
1.2023244512409692e-05
2.1423412851255723e-05
7.425120765787791e-06
6.332328292289818e-06
1.0667775006399601e-05
2.5421374742619656e-05
8.792865738698693e-06
4.4769516225324726e-05
7.930951218603396e-06
2.175379056070008e-05
6.8746760555403686e-06
6.717163002685146e-06
1.5333929085218228e-05
7.066606616949018e-06
7.638847009610543e-06
6.445897852637657e-06
8.756816701857027e-06
8.267588899979475e-06
6.567516651877503e-06
6.3408492543082045e-06
7.647104152933212e-06
7.095616586745808e-06
6.3905338598726745e-06
5.927067780522186e-06
7.760933418310354e-06
6.560138209153994e-06
6.3773201841044615e-06
6.450443131875216e-06
9.05956998851404e-06
8.996846260060002e-06
7.76575690764439e-06
7.401884678498261e-06
7.811087035501716e-06
6.928588906386599e-06
6.316276889945549e-06
6.049076188639897e-06
7.72072258851309e-06
6.24210193263914e-06
6.595625186671421e-06
6.293413758632618e-06
7.496605110097631e-06
6.557550189914905e-06
6.377528715247292e-06
6.634507866431291e-06
9.379870700991014e-06
7.209526090086916e-06
6.565458459515886e-06
6.688380214696584e-06
7.452812489141759e-06
7.653021381789313e-06
8.775807750800832e-06
7.486627011158346e-06
9.466536139718908e-06
6.963325092904221e-06
7.485100129267189e-06
7.110627179474223e-06
8.63690504346678e-06
6.989911823205768e-06
7.3423239019166965e-06
7.5303851158982524e-06
1.8381233040377078e-05
1.0262854861917548e-05
9.199341589080246e-06
1.1812013682913367e-05
1.1090019715904328e-05
6.805723092419567e-06
1.0321954450858136e-05
1.3767513198336653e-05
9.527958424230122e-06
8.295458037929158e-06
6.89030579474705e-06
6.55968591530133e-06
1.959332964575263e-05
6.828238110959452e-06
6.969020956580904e-06
7.063214307228047e-06
1.0770346776304875e-05
7.219657558207218e-06
7.7805378782777e-06
7.175986007099206e-06
7.502452020941286e-06
6.2694462466322295e-06
7.4199687871026024e-06
7.343702087867951e-06
1.0622330997182265e-05
7.221683107376493e-06
6.540697072748762e-06
7.749751031917119e-06
8.754339896771916e-06
7.295462881898199e-06
7.042952735183145e-06
7.0190223536672215e-06
1.1513922719987057e-05
7.252582681992237e-06
7.621510826613136e-06
7.227419836044983e-06
9.579786117290849e-06
7.617913761363271e-06
7.16035086520912e-06
7.134593764700692e-06
2.6207314487211556e-05
1.0487799229858877e-05
6.901451588374131e-06
1.2212230497490382e-05
1.2568949242812196e-05
7.314191361323163e-06
7.63352773253063e-06
7.944935964984455e-06
1.3210175124351332e-05
8.125837427776506e-06
7.86887071061127e-06
8.246921422104373e-06
1.1394682964509138e-05
1.0842834408817664e-05
9.47555018735102e-06
9.38920776463473e-06
1.4478378049836008e-05
8.566823285248323e-06
9.233031968439898e-06
1.0071624597108828e-05
1.8160068528151346e-05
1.1613283304348265e-05
2.0234246870513916e-05
0.00014655957395964011
